  6.3916225e+000  3.2595990e+000  4.0829027e+000  1.4623060e+000  1.0000000e+000
  1.9697476e+000  4.1532727e+000  2.0768440e+000 -6.3610113e-001  1.0000000e+000
  5.4704555e+000  9.8711548e-002 -2.8553545e-001  3.7206503e-001  1.0000000e+000
  6.8366225e+000  6.9508513e-001  4.3708783e+000  1.2804497e-002  1.0000000e+000
  4.9899179e+000  4.1914688e+000 -1.8848125e+000  6.3859098e-001  1.0000000e+000
  4.8896251e+000  1.0664849e+000  2.2588815e+000  3.9253910e-002  1.0000000e+000
  2.2611570e+000  5.6145569e-001 -5.7483815e-002  2.1226557e+000  1.0000000e+000
  6.1730348e+000  3.7241986e+000  2.8808579e+000  1.5521322e+000  1.0000000e+000
  2.9101775e+000  1.3486399e-001  1.6982992e+000  1.9166782e+000  1.0000000e+000
  3.4314351e+000  2.2428546e+000  3.7825186e+000 -1.9423378e+000  1.0000000e+000
  6.7986079e+000  5.8503221e+000  3.7573550e-001  1.5092825e+000  1.0000000e+000
  8.8111830e+000  4.5003059e+000  6.4666593e-001  3.4650052e-002  1.0000000e+000
  2.3008579e+000  3.2784391e+000  1.8339387e+000 -9.3426979e-001  1.0000000e+000
  4.4207595e+000  3.1156480e+000  3.0095213e+000  3.4205478e-001  1.0000000e+000
  7.0444278e+000  8.6989513e-002  2.7241673e+000  2.6528581e+000  1.0000000e+000
  5.9194006e+000  6.8338171e+000  2.8862570e-001  1.5590833e+000  1.0000000e+000
  7.5386246e+000  4.3889850e+000 -7.2551876e-001 -1.4482779e+000  1.0000000e+000
  3.4515262e+000  4.5928392e+000  1.0329026e+000 -2.9606904e+000  1.0000000e+000
  8.3916545e+000  3.9304794e+000  6.4359376e+000 -2.8914248e+000  1.0000000e+000
  5.8247898e+000  7.1382949e+000  2.3235382e+000  1.0044432e+000  1.0000000e+000
  5.6361593e+000  4.1371859e+000 -1.2582837e+000 -2.8823186e+000  1.0000000e+000
  2.0892559e+000  4.5176514e+000 -2.8712803e+000 -1.2705436e+000  1.0000000e+000
  3.7446736e+000  1.7433696e+000  4.8457051e+000 -9.7443055e-001  1.0000000e+000
  5.7701108e+000  2.7229026e+000  2.1105449e+000 -1.9347133e+000  1.0000000e+000
  4.2799157e+000  4.1526404e+000  3.3474193e+000 -1.3375142e+000  1.0000000e+000
  4.7963264e+000  8.0528558e-001  3.4314621e+000 -1.9792479e+000  1.0000000e+000
  5.5472607e+000  3.1424891e+000  2.1491859e+000  5.4749090e+000  1.0000000e+000
  5.2339858e+000  1.0666476e+000  3.9956743e+000 -4.7199583e-001  1.0000000e+000
  5.5711183e+000  3.4576091e+000 -1.6308418e+000  2.3607470e+000  1.0000000e+000
  5.5340836e+000  6.0836210e+000 -1.4439828e+000 -2.6123968e-001  1.0000000e+000
  5.2579829e+000  1.4158601e+000  1.4898210e+000 -1.9178055e+000  1.0000000e+000
  5.5505910e+000  6.9220471e+000 -1.0784379e-001 -1.3650249e-001  1.0000000e+000
  7.2363587e+000  4.3913225e+000  1.6188437e+000  1.2307428e+000  1.0000000e+000
  4.3101183e+000  5.0456715e+000  1.7381782e+000  1.5265775e+000  1.0000000e+000
  2.8479389e+000  2.0921932e+000  6.9597829e-001  1.5599416e+000  1.0000000e+000
  3.8937069e+000  2.8642670e+000  3.4413199e+000  1.5826107e+000  1.0000000e+000
  4.4380434e+000  1.9798768e+000  3.7698893e+000  3.8202072e-001  1.0000000e+000
  7.9558265e+000 -1.9053530e+000  3.9645861e-001 -4.7083449e-001  1.0000000e+000
  1.8000670e+000 -8.9275546e-002  9.7480091e-001  5.9860124e-001  1.0000000e+000
  5.5165012e+000  3.0507227e+000  4.1487930e+000  8.3402787e-001  1.0000000e+000
  7.3786156e+000  3.8736386e+000  1.6568246e+000  3.0557375e+000  2.0000000e+000
  7.5031948e+000  3.4512075e+000  4.2447134e+000  4.1042625e+000  2.0000000e+000
  4.4030345e+000  2.5055379e+000  3.1290472e+000  8.9419976e-001  2.0000000e+000
  8.7079058e+000  1.7191030e+000  1.5414594e+000 -1.0174925e+000  2.0000000e+000
  5.7813142e+000  6.4612508e+000  6.2066260e+000  2.2745147e+000  2.0000000e+000
  7.4416778e+000  3.2038408e+000  2.8867393e+000  1.3523188e+000  2.0000000e+000
  4.3447066e+000  5.1929944e+000  5.0634961e+000  3.1271331e+000  2.0000000e+000
  9.8521279e+000  4.7434882e+000  5.8775770e+000  4.4246236e-001  2.0000000e+000
  5.5660559e+000  3.3398658e+000  6.1765407e+000  2.4445492e+000  2.0000000e+000
  1.9693886e+000  4.3956967e+000  4.4030700e+000  1.6103448e+000  2.0000000e+000
  4.4914187e+000  2.7521140e+000  3.8838791e+000 -2.7102624e-001  2.0000000e+000
  4.5267987e+000 -1.5886608e+000  7.0394472e-001 -9.3673161e-001  2.0000000e+000
  8.9346498e+000  5.1398202e+000  2.5911744e+000 -2.9493923e-001  2.0000000e+000
  3.5460282e+000  1.7092628e+000  5.3166928e+000 -8.0948692e-001  2.0000000e+000
  4.8073940e+000  2.8322306e+000  1.2536130e+000  6.1408987e-001  2.0000000e+000
  9.2373119e+000  3.1214367e+000  5.4697648e+000  2.7632683e+000  2.0000000e+000
  8.1231433e+000  2.9363931e+000  4.6732890e+000  4.3069694e+000  2.0000000e+000
  5.5036694e+000  6.1597609e+000  6.2543894e+000  1.4611243e+000  2.0000000e+000
  7.3634173e+000 -5.6281148e-001  1.2391252e+000  9.7197806e-001  2.0000000e+000
  4.6687178e+000 -1.1622582e+000  3.7115950e-001  2.8815876e+000  2.0000000e+000
  6.4300715e+000  4.9283323e+000  4.6884350e+000  2.2195401e+000  2.0000000e+000
  8.9869195e+000  4.1405686e+000  4.0974621e+000  1.3206077e+000  2.0000000e+000
  6.4825532e+000  2.2112886e+000  5.7310094e+000  5.3073794e+000  2.0000000e+000
  6.1776605e+000  2.7284522e+000  2.6374076e+000  2.6600039e+000  2.0000000e+000
  5.9232411e+000  1.5867937e+000  5.7213829e+000  3.7015849e+000  2.0000000e+000
  5.4218037e+000  8.2604236e-001  6.2813628e+000  2.4412763e+000  2.0000000e+000
  5.9646028e+000  3.9401317e+000  2.3915854e+000  4.4921210e+000  2.0000000e+000
  5.4606691e+000 -8.6510246e-001  8.4362835e+000  4.4729791e+000  2.0000000e+000
  7.1337017e+000  4.8396038e-001  7.1261363e+000 -2.4270555e+000  2.0000000e+000
  3.8538440e+000  2.8737719e+000  3.7621365e+000  1.2954786e-001  2.0000000e+000
  5.1218467e+000  7.1391490e-001  4.2971479e-001  2.3179125e+000  2.0000000e+000
  4.7222519e+000  3.4651022e+000  2.6856162e+000  5.5394171e-001  2.0000000e+000
  6.2389168e+000  5.9254537e+000 -3.5298548e+000 -1.3551423e+000  2.0000000e+000
  4.9623865e+000  1.8701224e+000  2.7916199e+000 -1.7240373e+000  2.0000000e+000
  3.4518609e+000  1.7818552e+000  5.6523490e+000  4.1216418e+000  2.0000000e+000
  8.4901254e+000  6.5251187e+000  2.3956192e+000  2.0788368e+000  2.0000000e+000
  8.3669465e+000  5.3066134e+000  3.0068121e+000  1.5176700e+000  2.0000000e+000
  8.2358524e+000  1.6998310e+000  4.4746771e+000 -4.9494569e-001  2.0000000e+000
  4.9638265e+000  4.7248164e+000  8.8164936e+000  2.1656136e+000  2.0000000e+000
  6.4389829e+000  2.0576459e+000  1.5823233e+000  3.3197038e-001  2.0000000e+000
  6.3460122e+000  7.2131110e-001  5.8198980e+000  2.7321669e+000  3.0000000e+000
  6.4748621e+000  4.2212854e+000  5.9974457e+000  4.0137614e+000  3.0000000e+000
  5.9950211e+000  4.3690243e+000  4.4197377e+000  4.1873749e+000  3.0000000e+000
  5.0662583e+000  2.9528766e+000  4.0466516e+000 -2.9746847e-001  3.0000000e+000
  5.4940189e+000  3.7507081e+000  6.6422213e+000  2.2255621e+000  3.0000000e+000
  6.6132172e+000  1.3465777e+000  6.9065235e+000  3.3010191e+000  3.0000000e+000
  4.6779357e+000  3.3980033e+000  7.1342870e+000  9.3792420e-001  3.0000000e+000
  7.6478078e+000  4.9429071e+000  6.7846556e+000  3.9691492e+000  3.0000000e+000
  6.4985002e+000  1.4156288e+000  4.6981825e+000  9.6956447e-001  3.0000000e+000
  6.4840793e+000  7.1717785e+000  7.0189838e+000 -1.7552343e-001  3.0000000e+000
  4.1512507e+000  2.4699230e+000  8.4880282e+000  2.2648026e-001  3.0000000e+000
  1.0931998e+001  2.4355102e-001  5.4323860e+000  1.7326294e+000  3.0000000e+000
  4.9680923e+000  8.2862305e-001  6.4354881e+000  4.4649488e+000  3.0000000e+000
  5.6699938e+000  1.3233786e-002  5.0227786e+000  4.1918640e+000  3.0000000e+000
  7.2934822e+000  8.4701554e-001  6.9801685e+000  1.1807169e+000  3.0000000e+000
  6.0999938e+000  1.9648852e+000  4.5076736e+000  1.7051245e+000  3.0000000e+000
  4.8574500e+000  5.1287857e+000  5.7226570e+000  4.2459288e+000  3.0000000e+000
  7.8173086e+000  3.6102182e+000  5.2930323e+000  1.8633206e+000  3.0000000e+000
  7.9304672e+000  2.1751132e-001  4.2678252e+000  3.8937509e+000  3.0000000e+000
  9.2906042e+000  3.5770818e+000  6.0490355e+000  3.1961095e+000  3.0000000e+000
  4.7240449e+000  2.7350464e+000  9.5954359e+000  3.9520652e+000  3.0000000e+000
  5.3542989e+000  1.3533747e+000  5.7432471e+000  5.4493194e+000  3.0000000e+000
  8.5947588e+000  5.9735744e+000  9.3086954e+000  1.5156778e-001  3.0000000e+000
  7.7144973e+000  1.4471342e+000  3.7232897e+000  2.6104942e+000  3.0000000e+000
  7.3752701e+000  4.4551308e+000  9.7503349e+000  3.1346321e+000  3.0000000e+000
  2.8186226e+000  2.2747599e+000  4.3441109e+000  4.3965510e+000  3.0000000e+000
  5.6727441e+000  4.8387287e+000  3.8847022e+000  2.4544592e+000  3.0000000e+000
  6.2950455e+000  5.2879120e+000  3.5739632e+000  1.0458865e+000  3.0000000e+000
  5.1809133e+000  2.9069140e+000  7.6755106e+000  1.5892571e+000  3.0000000e+000
  7.2240488e+000  3.7847268e+000  6.3509193e+000 -4.5129355e-001  3.0000000e+000
  8.5864372e+000  8.2628743e-001  6.3737958e+000  4.6717749e-001  3.0000000e+000
  6.5213808e+000  3.2106418e+000  3.1473189e+000 -3.4586666e-001  3.0000000e+000
  4.5960549e+000  2.4102056e+000  2.1559376e+000  3.3995731e+000  3.0000000e+000
  4.8093831e+000  2.8237583e+000  5.5067384e+000  3.3685275e+000  3.0000000e+000
  5.1090720e+000  3.5419612e+000  6.2153455e+000  2.7069299e+000  3.0000000e+000
  5.7280232e+000  2.1854453e+000  4.7897617e+000  2.8560095e+000  3.0000000e+000
  7.9916306e+000  2.9307122e+000  4.9254764e+000  7.6349638e-001  3.0000000e+000
  5.7328038e+000  3.6132497e+000  6.4334976e+000  2.0021919e+000  3.0000000e+000
  7.7897596e-001  2.5130537e+000  2.0787010e+000  3.1526022e+000  3.0000000e+000
  7.9577764e+000  1.0696500e+000  5.5853887e+000  1.5583261e+000  3.0000000e+000
